Experiment 1: DTLearner

leaf_size,dt_insample_rmse,dt_outsample_rmse
1,0.0,0.007332401038257778
2,0.00305094667694625,0.006628819904706634
3,0.004066048866685387,0.006209527226727812
4,0.0041107275333364885,0.006190381567300692
5,0.00508728041031691,0.005734748643057072
6,0.005192139263200632,0.005662135930028255
7,0.005192139263200632,0.005662135930028255
8,0.005192139263200632,0.005662135930028255
9,0.005197853554348667,0.005649848526090298
10,0.005795155501310524,0.005645662895492311
11,0.005814942360713366,0.005674882165451111
12,0.005814942360713366,0.005674882165451111
13,0.005814942360713366,0.005674882165451111
14,0.005814942360713366,0.005674882165451111
15,0.005814942360713366,0.005674882165451111
16,0.005814942360713366,0.005674882165451111
17,0.005814942360713366,0.005674882165451111
18,0.005814942360713366,0.005674882165451111
19,0.005827537483925167,0.0056827368472626245
20,0.0065558911079374015,0.006167693852522237
21,0.0068981652581111995,0.006199695316749306
22,0.0068981652581111995,0.006199695316749306
23,0.0068981652581111995,0.006199695316749306
24,0.0068981652581111995,0.006199695316749306
25,0.0068981652581111995,0.006199695316749306
26,0.0068981652581111995,0.006199695316749306
27,0.0068981652581111995,0.006199695316749306
28,0.0068981652581111995,0.006199695316749306
29,0.0068981652581111995,0.006199695316749306
30,0.0068981652581111995,0.006199695316749306
31,0.0068981652581111995,0.006199695316749306
32,0.0068981652581111995,0.006199695316749306
33,0.0068981652581111995,0.006199695316749306
34,0.0068981652581111995,0.006199695316749306
35,0.0068981652581111995,0.006199695316749306
36,0.0068981652581111995,0.006199695316749306
37,0.0068981652581111995,0.006199695316749306
38,0.0068981652581111995,0.006199695316749306
39,0.0068981652581111995,0.006199695316749306
40,0.007645931433511988,0.006326564933213707
41,0.007942308481526992,0.006453409745114404
42,0.007942308481526992,0.006453409745114404
43,0.007942308481526992,0.006453409745114404
44,0.007942308481526992,0.006453409745114404
45,0.007942308481526992,0.006453409745114404
46,0.007942308481526992,0.006453409745114404
47,0.007942308481526992,0.006453409745114404
48,0.007942308481526992,0.006453409745114404
49,0.007942308481526992,0.006453409745114404
50,0.007942308481526992,0.006453409745114404


Experiment 2: Bag Learner

leaf_size,dt_insample_rmse,dt_outsample_rmse
1,0.0026061135899816527,0.00461010619369853
2,0.0028021028916989906,0.004785737351372654
3,0.0029992866616205265,0.004649538958358477
4,0.003543961400992793,0.004629950262661381
5,0.0037782277217444796,0.004613928682988376
6,0.003893390946149754,0.004837230448747162
7,0.003969937730379014,0.004656385706684705
8,0.004170984388692516,0.0046664810869221154
9,0.004413340444510113,0.00460376665171716
10,0.004830678584889882,0.004834208906861731
11,0.004834546877952457,0.00482737131198134
12,0.005060318597105187,0.004497488235206836
13,0.005254128586369418,0.004708286045597936
14,0.005079398165107622,0.004482798853422665
15,0.005016377577860768,0.004606246806618512
16,0.005024026172742903,0.00456511231818094
17,0.004974754017302359,0.004695103693139998
18,0.0052237207312363235,0.004572507418701032
19,0.005399511832563773,0.004643409219109348
20,0.005629604743198076,0.0046449377750368975
21,0.005678369087894516,0.004703837160027649
22,0.005822538143349766,0.004786342055926044
23,0.0059650701923948295,0.004739671720400484
24,0.005892372956542964,0.004935785851162629
25,0.006036838921073024,0.00479324872220495
26,0.0058963893819667075,0.004577300904430622
27,0.006055003574655515,0.004833056257148575
28,0.006118367872192673,0.004950702805085999
29,0.005896207805570381,0.004840885291457133
30,0.006011529983221471,0.004693928826735801
31,0.005988684393933116,0.004573527709181233
32,0.005930262348622726,0.004902920559427038
33,0.006123596050369746,0.004702680379321332
34,0.005864496702651167,0.004797720923489136
35,0.005977516730371088,0.0047011686994522985
36,0.00596013095246431,0.004703503593732671
37,0.00601119829147272,0.004920917444749343
38,0.006142663595010956,0.004741322300201333
39,0.006218091259508328,0.004785197423804827
40,0.00676293836079331,0.004950627095724062
41,0.006857808954297808,0.00485157204044558
42,0.007011075388173345,0.005043504585118373
43,0.007031321423748652,0.004996303827329804
44,0.007130208321830937,0.0050796855481489685
45,0.007044500354461159,0.004954886963370278
46,0.007108632443166901,0.005016236806676481
47,0.007152203233936272,0.00500412339424633
48,0.00721351230865421,0.004954550615656238
49,0.007167656932383401,0.0049642367277315256
50,0.007117907061975727,0.005206429840179163


Experiment 3: DTLearner vs RTLearner

leaf_size,dt_train_time,rt_train_time,dt_insample_r2,rt_insample_r2,dt_outsample_r2,rt_outsample_r2
1,0.25045299530029297,0.040183067321777344,1.0,1.0,0.47772168638181306,0.33247056842099204
2,0.13558125495910645,0.02378678321838379,0.9328090464272829,0.8410024190726824,0.5442164599971157,0.43911173627394545
3,0.09021353721618652,0.015929222106933594,0.8806598010318011,0.7931472361891571,0.5711306172652334,0.3500520489556046
4,0.09023928642272949,0.015557289123535156,0.8780227174445419,0.703185025285803,0.5731546433308243,0.5337652153630709
5,0.04885244369506836,0.009121894836425781,0.8131844928972176,0.6580538314189918,0.5886726121433608,0.5470284402502676
6,0.04604697227478027,0.008214950561523438,0.8054038538281778,0.6744861329909753,0.5963969149242717,0.4638641847927368
7,0.04524397850036621,0.008297443389892578,0.8054038538281778,0.6638031284851471,0.5963969149242717,0.48800535489446456
8,0.045320987701416016,0.008217334747314453,0.8054038538281778,0.6631979149183742,0.5963969149242717,0.53581928140327
9,0.04542112350463867,0.008385181427001953,0.8049752863795073,0.6831247869949735,0.5976964664315971,0.4719374141076924
10,0.024135351181030273,0.00433349609375,0.7575781518910281,0.5186837864971027,0.5911497802072847,0.4905130072814033
11,0.023374319076538086,0.004302024841308594,0.7559198854252485,0.5564617559929095,0.5862611590985425,0.4746083319866652
12,0.022736549377441406,0.004300355911254883,0.7559198854252485,0.5731222264565381,0.5862611590985425,0.5229535913062658
13,0.023082971572875977,0.004309177398681641,0.7559198854252485,0.5507490227532046,0.5862611590985425,0.5365190198591246
14,0.022639989852905273,0.00426793098449707,0.7559198854252485,0.5723235597802657,0.5862611590985425,0.591633738825932
15,0.022652149200439453,0.004260063171386719,0.7559198854252485,0.5889563885038424,0.5862611590985425,0.49505630715318366
16,0.02260589599609375,0.004277229309082031,0.7559198854252485,0.5818916150954311,0.5862611590985425,0.5169615678539572
17,0.022823810577392578,0.004724025726318359,0.7559198854252485,0.5093843671975153,0.5862611590985425,0.5498960255454208
18,0.022754192352294922,0.004251241683959961,0.7559198854252485,0.6096566836723435,0.5862611590985425,0.5523667924037512
19,0.022015810012817383,0.004228830337524414,0.7548613887819698,0.5857126040991126,0.5854215115373403,0.5119490086620803
20,0.012590646743774414,0.002456188201904297,0.6897548272434165,0.6071431176311078,0.5226783862926017,0.5183139125713847
21,0.011028289794921875,0.0022563934326171875,0.6565142226976809,0.5264665321190265,0.4956841266426169,0.45774770095931644
22,0.010965585708618164,0.0023131370544433594,0.6565142226976809,0.5805912345159385,0.4956841266426169,0.47045192161728194
23,0.011094808578491211,0.0023229122161865234,0.6565142226976809,0.5623495268778179,0.4956841266426169,0.5834294798954152
24,0.011236429214477539,0.0023462772369384766,0.6565142226976809,0.5141561541947942,0.4956841266426169,0.4157781714070923
25,0.011838197708129883,0.002211332321166992,0.6565142226976809,0.4861140399239333,0.4956841266426169,0.4781174063756761
26,0.011241436004638672,0.0021903514862060547,0.6565142226976809,0.5357621388273566,0.4956841266426169,0.488428018968288
27,0.011203289031982422,0.0022125244140625,0.6565142226976809,0.5190709849831197,0.4956841266426169,0.5257335904802733
28,0.011192083358764648,0.0022094249725341797,0.6565142226976809,0.539781755957999,0.4956841266426169,0.5113195444493523
29,0.011595487594604492,0.002176046371459961,0.6565142226976809,0.5108775177783568,0.4956841266426169,0.5043770146301921
30,0.011232614517211914,0.002207040786743164,0.6565142226976809,0.49118420283145275,0.4956841266426169,0.49171303708303377
31,0.011606216430664062,0.002222299575805664,0.6565142226976809,0.48686335865053176,0.4956841266426169,0.46179046780575134
32,0.011488199234008789,0.0022246837615966797,0.6565142226976809,0.4833048071407606,0.4956841266426169,0.5228091335070698
33,0.011649131774902344,0.0021789073944091797,0.6565142226976809,0.5150015464069065,0.4956841266426169,0.5678089779680273
34,0.011436700820922852,0.002161264419555664,0.6565142226976809,0.4818305264117539,0.4956841266426169,0.4546590671463828
35,0.011237144470214844,0.002165079116821289,0.6565142226976809,0.4653000151294366,0.4956841266426169,0.4559111980305865
36,0.011443853378295898,0.002071857452392578,0.6565142226976809,0.516687443423011,0.4956841266426169,0.5080246089500964
37,0.011324644088745117,0.0022046566009521484,0.6565142226976809,0.5428683988919873,0.4956841266426169,0.5822467802628529
38,0.011052370071411133,0.002201080322265625,0.6565142226976809,0.4802256446457126,0.4956841266426169,0.48680237621031847
39,0.01134634017944336,0.002060413360595703,0.6565142226976809,0.5124515525913396,0.4956841266426169,0.4858391839510775
40,0.00597381591796875,0.0012438297271728516,0.5780097972487859,0.4404295899851171,0.4626160448493143,0.4364680144007897
41,0.0053446292877197266,0.001134634017944336,0.544660766254785,0.4012061065917351,0.4316553559160141,0.4066931789286153
42,0.005286693572998047,0.0011782646179199219,0.544660766254785,0.4834774380213396,0.4316553559160141,0.4821287099857038
43,0.005378246307373047,0.001130819320678711,0.544660766254785,0.40401805363216037,0.4316553559160141,0.430398210026427
44,0.005246639251708984,0.0011255741119384766,0.544660766254785,0.4695738764118708,0.4316553559160141,0.4668348688753897
45,0.0053730010986328125,0.001117706298828125,0.544660766254785,0.4141303454736536,0.4316553559160141,0.47012338884560084
46,0.00535130500793457,0.001115560531616211,0.544660766254785,0.3733214725302509,0.4316553559160141,0.3694069702956664
47,0.0052411556243896484,0.0010921955108642578,0.544660766254785,0.4663836159112051,0.4316553559160141,0.4552328988766344
48,0.005340099334716797,0.0010862350463867188,0.544660766254785,0.4043226094124802,0.4316553559160141,0.42028688450549406
49,0.005429267883300781,0.0011136531829833984,0.544660766254785,0.4439918356340345,0.4316553559160141,0.4194342442898051
50,0.005399465560913086,0.0011169910430908203,0.544660766254785,0.41601434298865775,0.4316553559160141,0.43491235349739915
